$SPEC_ID:

$DATA:
       0        2047
        0.        9.        5.        5.        5.        8.        8.        7.
        7.        1.        5.       14.        9.        3.        8.        7.
        7.        7.        7.        2.        6.        4.        9.        1.
        1.        3.        4.        3.        2.        2.        4.        1.
        3.        0.        1.        3.        2.        4.        1.        5.
        4.        3.        4.        7.        7.        6.       10.       12.
        9.        9.       15.       15.       19.       23.       42.       33.
       43.       46.       42.       58.       56.       50.       66.       65.
       72.       84.       93.       65.       78.       67.       78.       90.
       77.       84.       80.       79.       81.       89.       88.       84.
       84.       65.       60.       78.       96.       68.       81.       71.
       78.       85.       91.       77.       91.       74.       84.       86.
       85.       71.       72.       75.       86.       68.       93.       88.
       68.       67.       76.       67.       75.       80.       77.       99.
       91.       69.       64.       75.       79.       86.       61.       88.
       64.       73.       73.       78.       86.       65.       88.       77.
       75.       86.       65.       84.       67.       73.       73.       80.
       83.       83.       80.       75.       80.       54.       88.       80.
       71.       78.       78.       82.       88.       94.       92.       83.
       71.       67.       94.       76.       83.       83.       74.       73.
       83.       86.       80.       63.       80.       88.       88.       78.
       81.       99.       72.       60.       77.       72.       85.       67.
       69.       79.       93.       74.       79.       83.       70.       92.
       75.       74.       93.       93.      114.      123.       93.      124.
      126.      119.      125.      131.      110.       98.      121.      110.
      112.      111.       95.       92.       99.       94.      127.       93.
      102.       89.      101.      104.       96.       88.      106.      101.
      105.       80.       81.       91.       94.      105.       82.       84.
       87.       99.       91.       92.       83.      116.      102.      114.
       94.       84.       92.      123.      108.       94.       96.      123.
      105.      107.      107.      114.      125.      126.      147.      141.
      153.      120.      138.      135.      155.      147.      128.      120.
      134.      123.      111.       99.      126.      109.      108.      122.
      123.      121.      108.      105.      114.      133.      134.      109.
      124.      125.      107.      120.      143.      125.      127.      136.
      154.      133.      137.      127.      131.      118.      127.      114.
      130.      120.      132.      132.      144.      149.      161.      173.
      187.      159.      222.      222.      267.      317.      377.      409.
      459.      454.      450.      478.      488.      457.      418.      449.
      394.      348.      316.      263.      244.      204.      179.      166.
      156.      142.      159.      137.      161.      149.      172.      152.
      178.      143.      156.      163.      170.      160.      151.      139.
      145.      173.      179.      157.      164.      165.      165.      195.
      197.      201.      216.      230.      225.      224.      205.      244.
      264.      251.      228.      244.      216.      226.      232.      209.
      219.      202.      187.      202.      179.      180.      170.      203.
      181.      185.      188.      207.      236.      226.      236.      242.
      244.      244.      300.      302.      360.      405.      477.      571.
      601.      642.      749.      834.      935.      917.      896.      924.
      927.      913.      823.      714.      662.      597.      504.      480.
      419.      391.      342.      324.      316.      299.      300.      310.
      301.      332.      338.      380.      342.      427.      408.      377.
      389.      412.      428.      388.      384.      407.      410.      443.
      407.      424.      387.      430.      448.      429.      463.      537.
      534.      631.      728.      879.     1086.     1466.     2072.     2906.
     4117.     5871.     8186.    11427.    15373.    20436.    25999.    32716.
    39830.    47224.    54623.    60777.    65967.    69332.    71327.    70393.
    67692.    63898.    58124.    50500.    43645.    36117.    29095.    22911.
    17660.    12964.     9504.     6877.     4778.     3330.     2212.     1620.
     1237.     1022.      846.      702.      749.      743.      826.      909.
      979.     1226.     1549.     1836.     2386.     3158.     3919.     4792.
     6064.     7419.     8787.    10277.    11859.    13322.    14566.    15605.
    16156.    16724.    16581.    16049.    15440.    14236.    13159.    11522.
     9848.     8460.     7039.     5862.     4633.     3570.     2857.     2290.
     1836.     1634.     1434.     1502.     1574.     1990.     2505.     3622.
     4921.     7167.    10211.    14792.    20639.    28845.    38684.    51771.
    67141.    83599.   102629.   122920.   143414.   161825.   179046.   190729.
   199209.   202571.   200169.   191309.   179875.   163870.   145168.   125951.
   105503.    86296.    68605.    53127.    40270.    29731.    21536.    15255.
    10567.     7180.     4888.     3272.     2219.     1589.     1196.      907.
      749.      680.      584.      634.      568.      599.      631.      668.
      724.      755.      937.     1019.     1163.     1408.     1640.     1993.
     2419.     3102.     3841.     5176.     6470.     7990.    10113.    12326.
    14749.    17621.    20524.    23016.    25705.    28139.    29418.    30628.
    31180.    30572.    29338.    27689.    25141.    22698.    19557.    16652.
    13965.    11136.     8808.     6963.     5247.     3861.     3011.     2163.
     1756.     1464.     1460.     1728.     2113.     2678.     3623.     4680.
     6119.     7995.     9971.    12351.    14967.    17864.    20027.    22812.
    24773.    26228.    27395.    27620.    27316.    26515.    24623.    22511.
    20333.    18080.    14856.    12683.    10072.     8091.     6420.     4820.
     3563.     2533.     1790.     1275.      825.      641.      412.      292.
      214.      158.      130.      117.       91.       88.       73.       80.
       79.       92.      113.      103.      119.      115.      157.      183.
      201.      284.      291.      366.      378.      424.      482.      544.
      625.      634.      740.      763.      749.      845.      909.      946.
     1107.     1343.     1422.     1696.     1953.     2276.     2724.     3011.
     3356.     3844.     4177.     4280.     4540.     4646.     4743.     4541.
     4414.     4060.     3662.     3436.     2931.     2649.     2124.     1807.
     1496.     1199.      915.      704.      556.      427.      340.      271.
      206.      147.      138.      101.       91.       65.       47.       49.
       49.       38.       25.       36.       34.       29.       24.       39.
       34.       16.       25.       22.       38.       33.       33.       33.
       32.       40.       53.       39.       43.       65.       83.       67.
       86.       92.       93.       75.       77.       86.       70.       70.
       64.       65.       42.       43.       35.       33.       32.       26.
       12.       25.       15.       18.       21.       14.       19.       14.
       15.       22.       10.       16.       22.       27.       13.       20.
       19.       18.       16.       20.       21.       18.       18.       20.
       16.       17.       14.       12.       26.       20.       16.       27.
       24.       25.       22.       30.       30.       41.       52.       54.
       75.       65.       90.      104.      110.      114.      127.      138.
      132.      132.      171.      158.      157.      135.      143.      131.
      110.      124.      106.      108.      118.       94.       75.       82.
       69.       81.       72.       65.       69.       60.       64.       58.
       58.       60.       69.       64.       62.       65.       55.       48.
       66.       41.       36.       30.       27.       28.       24.       29.
       25.       20.       13.       17.       12.        7.       19.       10.
       15.        8.       11.       12.       15.       12.       15.       13.
       13.       21.       18.       21.       22.       31.       28.       22.
       26.       24.       33.       37.       45.       63.       55.       71.
       76.       77.       78.       69.       86.       93.       85.       62.
       77.       69.       61.       62.       45.       40.       45.       39.
       51.       18.       29.       36.       37.       33.       24.       35.
       32.       49.       33.       40.       40.       39.       58.       47.
       49.       38.       45.       45.       40.       37.       24.       30.
       27.       18.       29.       22.       18.       22.       19.       13.
       24.       12.       16.       13.       17.       22.       26.       26.
       32.       31.       31.       33.       35.       47.       51.       41.
       50.       57.       60.       52.       73.       56.       52.       48.
       54.       46.       40.       33.       37.       44.       35.       35.
       46.       29.       37.       15.       31.       34.       36.       36.
       41.       33.       48.       42.       49.       57.       67.       73.
       84.       82.       94.       87.       96.      121.      139.      157.
      164.      172.      198.      196.      197.      236.      222.      223.
      233.      210.      215.      191.      158.      156.      140.      144.
      102.      112.       97.       78.       71.       66.       44.       41.
       30.       28.       31.       26.       23.       21.       25.       22.
       26.       22.       27.       23.       20.       32.       35.       46.
       48.       39.       41.       47.       56.       43.       55.       57.
       64.       53.       67.       72.       75.       88.       80.       80.
       78.       88.       77.       69.       84.       76.       72.       80.
       74.       77.       82.       78.       68.       74.       88.       76.
       89.      105.       79.      104.      105.      104.      139.      156.
      188.      155.      182.      194.      242.      276.      275.      296.
      312.      318.      349.      345.      336.      320.      271.      259.
      261.      261.      233.      225.      189.      167.      145.      131.
       92.       95.       74.       91.       45.       39.       37.       31.
       32.       34.       24.       23.       18.       21.       14.       20.
       19.       24.       22.       26.       25.       34.       23.       26.
       40.       36.       43.       49.       37.       52.       59.       63.
       65.       73.       79.       85.       98.       93.      108.       96.
      113.      119.      103.      115.       97.      110.      102.       88.
       80.       80.       71.       63.       56.       53.       48.       51.
       48.       51.       35.       40.       46.       36.       45.       48.
       55.       63.       39.       55.       65.       76.       74.       76.
       69.       86.      107.       79.       92.       96.       84.       90.
       99.       67.       67.       60.       47.       53.       37.       50.
       37.       43.       42.       25.       34.       20.       27.       24.
       21.       28.       19.       19.       29.       22.       20.       10.
       18.       15.       20.       10.       21.       14.       20.       19.
       21.       22.       14.       11.       12.       12.       18.       21.
       25.       26.       24.       17.       24.       13.       30.       33.
       29.       34.       31.       42.       23.       31.       35.       35.
       37.       37.       36.       40.       33.       40.       35.       32.
       32.       26.       33.       26.       28.       51.       41.       25.
       31.       26.       31.       23.       29.       29.       29.       20.
       29.       19.       16.       32.       30.       28.       29.       42.
       20.       26.       41.       41.       33.       32.       33.       34.
       43.       36.       40.       39.       33.       41.       30.       45.
       39.       41.       46.       35.       38.       50.       53.       69.
       70.       62.       68.       55.       64.       62.       70.       75.
       90.       61.       63.       86.       69.       77.       77.       84.
       89.       91.       94.       84.       88.       93.       78.      103.
      101.       76.       88.       93.       99.       89.       84.       92.
       86.      106.      107.      113.       93.      100.      101.      122.
      127.      110.      117.      171.      153.      210.      185.      196.
      218.      275.      263.      321.      327.      367.      385.      402.
      436.      438.      474.      495.      539.      544.      546.      531.
      542.      534.      515.      514.      517.      516.      512.      464.
      442.      409.      395.      348.      351.      329.      287.      281.
      245.      228.      213.      183.      170.      160.      137.      117.
      103.       99.       75.       85.       73.       49.       53.       52.
       46.       35.       24.       23.       31.       26.       21.       14.
       16.       17.        8.        8.       10.        8.        8.        5.
        7.        6.        7.        8.        6.        4.        5.        4.
        4.        7.        6.        2.        5.        5.        5.        4.
        4.        2.        4.        6.        0.        4.        7.        4.
        1.        6.        5.        5.        6.        1.        5.        0.
        6.        3.        7.        3.        3.        9.        2.        4.
        2.        1.        5.        4.        6.        3.        4.        3.
        3.        3.        1.        6.        4.        7.        5.        2.
        4.        3.        7.        2.        5.        5.        6.        7.
        5.        6.        2.        7.        4.        4.        7.        7.
        4.        5.        5.        5.        9.        8.        2.        5.
        6.        8.        5.        5.        3.        7.        8.        3.
        6.        5.        5.        2.        2.        2.        2.        3.
        8.        6.        4.        1.        3.        5.        6.        6.
        2.        6.        7.        2.        3.        3.        1.        2.
        5.        0.        8.        4.        5.        6.        1.        5.
        3.        3.        6.        1.        5.        3.        4.        7.
        2.        5.        3.        5.        0.       10.        1.        4.
        6.        2.        2.        4.        4.        5.        3.        3.
        4.        9.        7.        0.        4.        7.        4.        3.
        3.        3.        1.        2.        3.        2.        8.        4.
        6.        4.        5.        1.        3.        1.        3.        2.
        2.        6.        2.        4.        7.        6.        5.        5.
        1.        7.        2.        4.        4.        3.        3.        6.
        4.        4.        4.        3.        5.        5.        1.        8.
        3.        1.        7.        7.        4.        7.        4.        3.
        2.        5.        6.        3.        2.        2.        2.        3.
        5.        3.        6.        3.        2.        7.        7.        3.
        5.        3.        2.        2.        6.        3.        7.        1.
        3.        5.        5.        5.        2.        6.        6.        2.
        8.        1.        6.        7.        3.        6.        2.        4.
        5.        4.        6.        4.        1.        7.        5.        5.
        6.        4.        3.        3.        7.        6.        6.        1.
        7.        6.        9.        4.        5.        2.        3.        5.
        5.        3.        6.        5.        5.       10.        6.        3.
        4.        5.        6.        4.        3.        3.        6.        4.
        2.        3.        6.        1.        2.        8.        7.        4.
        5.        7.        3.        2.        4.        3.        1.        1.
        4.        8.        2.        3.        4.        3.        0.        2.
        4.        3.        5.        1.        5.        6.        6.        4.
        4.        6.        3.        6.        3.        2.        7.        3.
        3.        3.        0.        1.        4.        3.        2.        6.
        2.        1.        5.        2.        2.        6.        4.        4.
        2.        6.        3.        3.        3.        3.        1.        4.
        6.        2.        3.        2.        8.        4.        3.        3.
        4.        5.        5.        4.        4.        4.        5.        6.
        2.        5.        3.        3.        2.        6.        2.        2.
        5.        2.        2.        8.        3.        6.        5.        7.
        9.        0.        3.        2.        6.        3.        2.        8.
        2.        4.        4.        2.        6.        4.        5.        4.
        1.        7.        4.        4.        7.        5.        1.        3.
        8.        4.        2.        5.        3.       10.        5.        3.
        5.        2.        6.       10.        2.        5.        5.        6.
        5.        3.        5.        4.        5.        4.        2.        7.
        5.        3.        4.        4.        1.        1.        3.        2.
        7.        3.        5.        4.        1.        6.        2.        7.
        9.        7.       13.        3.        5.        8.        8.        4.
        3.        9.        3.        2.        5.        4.        4.        4.
        4.        4.        7.        5.        2.        5.        4.        7.
        3.        2.        6.        8.        7.        3.        4.        3.
        5.        2.        6.        3.       10.        1.        6.        6.
        5.        4.        7.        7.        5.        8.        5.        4.
        3.        3.        5.        5.        5.        4.        7.        6.
        4.        6.        4.        9.        6.        4.        1.        6.
        3.        5.        6.        5.        3.        4.        3.        3.
        6.        3.        3.        4.        1.        1.        6.        4.
        1.        4.        5.        1.       11.        5.        5.        8.
        5.       10.        6.        2.        5.        1.        3.        5.
        2.        3.        2.        7.        2.        3.        6.        3.
        4.        5.        2.        2.        2.        5.        1.        6.
        4.        8.        4.        6.        3.        4.        5.        3.
        4.        7.        5.        5.        5.        2.        4.        3.
        3.        3.        2.        4.        6.        3.        2.        6.
        7.        3.        5.        3.        2.        4.        4.        3.
        0.        4.        4.        5.        2.        6.        1.        2.
        4.        4.        4.        5.        3.        2.        5.        3.
        1.        4.        6.        3.        4.        1.        8.        1.
        2.        2.        2.        5.        5.        3.        2.        3.
        7.        1.        4.        6.        2.        2.        1.        4.
        7.        2.        3.        4.        7.        5.        4.        4.
        3.        3.        3.        9.        7.        4.        3.        3.
        3.        3.        5.        6.        5.        5.        3.        3.
        4.       10.        8.        7.        4.        8.        5.        5.
