#F EADL97_LShellConstants.dat
#U00 This file is a conversion to specfile format of 
#U01 directly extracted EADL97 Shell constants.
#U02 to simplify its use with the fisx and PyMca software packages.
#U03
#U04 Neither those packages or their author(s) claim any ownership of
#U05 the data and they do not warrant the integrity of the data following 
#U07 the conversion process.
#U06
#U07 EADL itself can be found at:
#U08           http://www-nds.iaea.org/epdl97/libsall.htm
#U09 The code used to generate this file has been:
#U10 GenerateEADLShellConstants.py
#U11
#U12 The proper way to quote these data is:
#U13 D.E. Cullen, et al., "Tables and Graphs of Atomic Subshell and 
#U14 Relaxation Data Derived from the LLNL Evaluated Atomic Data Library
#U15 (EADL), Z = 1 - 100," Lawrence Livermore National Laboratory, UCRL-50400,
#U16  Vol. 30, October 1991
#U17 The author of these data, D.E. Cullen, has stated that redistribution of the
#U18 data is permitted provided the previous credits are maintained.
#U19 

#S 1 L1 x-ray data
#N 4
#L Z  f12  f13  omegaL1
1  0.0000E+00  0.0000E+00  0.0000E+00
2  0.0000E+00  0.0000E+00  0.0000E+00
3  0.0000E+00  0.0000E+00  0.0000E+00
4  0.0000E+00  0.0000E+00  0.0000E+00
5  0.0000E+00  0.0000E+00  0.0000E+00
6  0.0000E+00  0.0000E+00  0.0000E+00
7  0.0000E+00  0.0000E+00  0.0000E+00
8  0.0000E+00  0.0000E+00  0.0000E+00
9  0.0000E+00  0.0000E+00  0.0000E+00
10  0.0000E+00  0.0000E+00  0.0000E+00
11  3.3490E-01  6.6499E-01  1.7145E-05
12  3.3122E-01  6.5659E-01  0.0000E+00
13  3.2955E-01  6.5110E-01  0.0000E+00
14  3.2884E-01  6.4544E-01  0.0000E+00
15  3.2813E-01  6.4139E-01  0.0000E+00
16  3.2916E-01  6.3663E-01  0.0000E+00
17  3.2903E-01  6.3438E-01  4.9552E-05
18  3.2821E-01  6.2781E-01  7.3384E-05
19  3.2224E-01  6.0647E-01  1.0207E-04
20  3.1179E-01  5.9531E-01  1.4134E-04
21  3.0694E-01  5.8268E-01  1.6597E-04
22  2.9779E-01  5.7304E-01  1.9180E-04
23  2.8462E-01  5.7147E-01  2.2148E-04
24  2.8829E-01  5.5365E-01  2.3902E-04
25  2.3893E-01  5.9519E-01  3.1169E-04
26  2.3839E-01  5.8908E-01  3.5166E-04
27  2.3850E-01  5.8271E-01  3.9844E-04
28  2.3887E-01  5.7657E-01  4.5177E-04
29  2.4017E-01  5.7209E-01  4.9783E-04
30  2.4067E-01  5.6955E-01  5.7821E-04
31  2.7098E-01  5.3671E-01  7.6368E-04
32  2.5160E-01  5.5512E-01  9.2363E-04
33  1.6598E-01  6.4436E-01  1.2376E-03
34  1.6190E-01  6.4938E-01  1.4552E-03
35  1.5553E-01  6.5628E-01  1.7035E-03
36  1.7649E-01  6.3506E-01  2.3366E-03
37  1.9782E-01  6.1469E-01  3.1940E-03
38  1.7769E-01  6.3804E-01  3.7275E-03
39  1.3293E-01  6.8653E-01  4.4904E-03
40  6.0476E-02  7.6561E-01  5.5113E-03
41  6.1030E-02  7.6641E-01  6.1006E-03
42  6.2664E-02  7.6323E-01  6.7246E-03
43  6.3886E-02  7.6118E-01  7.3584E-03
44  6.6089E-02  7.5501E-01  8.1769E-03
45  6.8623E-02  7.4742E-01  9.1120E-03
46  7.4905E-02  7.2322E-01  1.0810E-02
47  9.2111E-02  6.6444E-01  1.4081E-02
48  1.2341E-01  5.5754E-01  1.9913E-02
49  1.9327E-01  3.1791E-01  3.3002E-02
50  1.9514E-01  3.2006E-01  3.5314E-02
51  1.9692E-01  3.2211E-01  3.7773E-02
52  1.9835E-01  3.2324E-01  4.0443E-02
53  2.0004E-01  3.2466E-01  4.3248E-02
54  2.0064E-01  3.2920E-01  4.8730E-02
55  2.0185E-01  3.2976E-01  5.1903E-02
56  2.0346E-01  3.3061E-01  5.5133E-02
57  2.0451E-01  3.3135E-01  5.8534E-02
58  2.0695E-01  3.3170E-01  6.2026E-02
59  2.0862E-01  3.3193E-01  6.5662E-02
60  2.1010E-01  3.3297E-01  6.9380E-02
61  2.1207E-01  3.3380E-01  7.3187E-02
62  2.1327E-01  3.3443E-01  7.7171E-02
63  2.1565E-01  3.3510E-01  8.1149E-02
64  2.1674E-01  3.3625E-01  8.5342E-02
65  2.1888E-01  3.3616E-01  8.9577E-02
66  2.2135E-01  3.3673E-01  9.3866E-02
67  2.2190E-01  3.3719E-01  9.8483E-02
68  2.2258E-01  3.3804E-01  1.0320E-01
69  1.9008E-01  4.3609E-01  9.2045E-02
70  1.4904E-01  5.5573E-01  7.5682E-02
71  1.1356E-01  6.0253E-01  7.5683E-02
72  1.1066E-01  6.1329E-01  7.6796E-02
73  1.0145E-01  6.4436E-01  7.3511E-02
74  9.1486E-02  6.7736E-01  6.9244E-02
75  8.5881E-02  6.9551E-01  6.7968E-02
76  8.3806E-02  6.9933E-01  7.0148E-02
77  6.9411E-02  7.0671E-01  7.4707E-02
78  6.9478E-02  7.0414E-01  7.8300E-02
79  6.9952E-02  7.0123E-01  8.2163E-02
80  7.0224E-02  6.9719E-01  8.6388E-02
81  6.9512E-02  6.9281E-01  9.1158E-02
82  5.5554E-02  6.9786E-01  9.7399E-02
83  5.5695E-02  6.9373E-01  1.0229E-01
84  5.5949E-02  6.8834E-01  1.0759E-01
85  5.6103E-02  6.8364E-01  1.1310E-01
86  5.6339E-02  6.7813E-01  1.1897E-01
87  5.6496E-02  6.7203E-01  1.2509E-01
88  5.4148E-02  6.7742E-01  1.2624E-01
89  5.4159E-02  6.7127E-01  1.3255E-01
90  5.4034E-02  6.6528E-01  1.3920E-01
91  5.3784E-02  6.5887E-01  1.4594E-01
92  4.9673E-02  6.5343E-01  1.5378E-01
93  4.9489E-02  6.4617E-01  1.6123E-01
94  4.8104E-02  6.3948E-01  1.6906E-01
95  4.3942E-02  6.3425E-01  1.7775E-01
96  4.3723E-02  6.2632E-01  1.8597E-01
97  4.3412E-02  6.1762E-01  1.9503E-01
98  4.3447E-02  6.0909E-01  2.0365E-01
99  4.2833E-02  6.0045E-01  2.1292E-01
100  4.2930E-02  5.9098E-01  2.2250E-01

#S 2 L2 x-ray data
#N 3
#L Z  f23  omegaL2
1  0.0000E+00  0.0000E+00
2  0.0000E+00  0.0000E+00
3  0.0000E+00  0.0000E+00
4  0.0000E+00  0.0000E+00
5  0.0000E+00  0.0000E+00
6  0.0000E+00  0.0000E+00
7  0.0000E+00  0.0000E+00
8  0.0000E+00  0.0000E+00
9  0.0000E+00  0.0000E+00
10  0.0000E+00  0.0000E+00
11  0.0000E+00  0.0000E+00
12  0.0000E+00  0.0000E+00
13  0.0000E+00  0.0000E+00
14  0.0000E+00  0.0000E+00
15  0.0000E+00  0.0000E+00
16  0.0000E+00  0.0000E+00
17  0.0000E+00  0.0000E+00
18  0.0000E+00  0.0000E+00
19  0.0000E+00  0.0000E+00
20  0.0000E+00  0.0000E+00
21  0.0000E+00  6.0846E-04
22  0.0000E+00  1.1452E-03
23  0.0000E+00  1.8571E-03
24  0.0000E+00  2.9092E-03
25  0.0000E+00  3.7688E-03
26  0.0000E+00  4.9418E-03
27  0.0000E+00  6.2429E-03
28  1.3666E-02  7.5532E-03
29  8.9478E-03  9.1812E-03
30  1.9155E-02  1.0634E-02
31  3.1866E-02  1.2075E-02
32  4.4892E-02  1.3575E-02
33  5.9908E-02  1.5088E-02
34  7.3212E-02  1.6694E-02
35  8.5079E-02  1.8399E-02
36  9.7098E-02  2.0179E-02
37  1.0183E-01  2.2313E-02
38  1.0771E-01  2.4603E-02
39  1.1376E-01  2.7087E-02
40  1.2040E-01  2.9751E-02
41  1.2784E-01  3.2603E-02
42  1.3393E-01  3.5669E-02
43  1.4008E-01  3.8930E-02
44  1.4545E-01  4.2453E-02
45  1.5080E-01  4.6172E-02
46  1.5588E-01  5.0162E-02
47  1.6036E-01  5.4349E-02
48  1.6299E-01  5.8890E-02
49  1.6626E-01  6.3571E-02
50  1.6949E-01  6.8483E-02
51  1.7175E-01  7.3685E-02
52  1.7390E-01  7.9097E-02
53  1.7542E-01  8.4849E-02
54  1.7770E-01  9.6081E-02
55  1.7870E-01  1.0255E-01
56  1.7956E-01  1.0932E-01
57  1.8059E-01  1.1637E-01
58  1.7691E-01  1.2481E-01
59  1.7477E-01  1.3327E-01
60  1.7240E-01  1.4212E-01
61  1.7025E-01  1.5130E-01
62  1.6765E-01  1.6091E-01
63  1.6536E-01  1.7082E-01
64  1.6438E-01  1.8063E-01
65  1.6036E-01  1.9173E-01
66  1.5774E-01  2.0263E-01
67  1.5526E-01  2.1384E-01
68  1.5244E-01  2.2555E-01
69  1.4988E-01  2.3726E-01
70  1.4722E-01  2.4940E-01
71  1.4490E-01  2.6154E-01
72  1.4318E-01  2.7355E-01
73  1.4128E-01  2.8581E-01
74  1.3971E-01  2.9817E-01
75  1.3734E-01  3.1094E-01
76  1.3525E-01  3.2368E-01
77  1.3298E-01  3.3701E-01
78  1.3065E-01  3.5005E-01
79  1.2848E-01  3.6326E-01
80  1.2618E-01  3.7639E-01
81  1.2403E-01  3.8955E-01
82  1.2155E-01  4.0288E-01
83  1.1934E-01  4.1607E-01
84  1.1688E-01  4.2934E-01
85  1.1461E-01  4.4250E-01
86  1.1206E-01  4.5576E-01
87  1.0979E-01  4.6886E-01
88  1.5012E-01  4.5793E-01
89  1.4657E-01  4.7110E-01
90  1.4240E-01  4.8451E-01
91  2.3345E-01  4.3825E-01
92  2.2809E-01  4.5112E-01
93  2.2173E-01  4.6477E-01
94  2.1560E-01  4.7854E-01
95  2.0896E-01  4.9217E-01
96  2.0253E-01  5.0553E-01
97  2.1403E-01  5.0855E-01
98  2.0694E-01  5.2137E-01
99  2.0127E-01  5.3463E-01
100  1.9541E-01  5.4805E-01

#S 3 L3 x-ray data
#N 2
#L Z  omegaL3
1  0.0000E+00
2  0.0000E+00
3  0.0000E+00
4  0.0000E+00
5  0.0000E+00
6  0.0000E+00
7  0.0000E+00
8  0.0000E+00
9  0.0000E+00
10  0.0000E+00
11  0.0000E+00
12  0.0000E+00
13  0.0000E+00
14  0.0000E+00
15  0.0000E+00
16  0.0000E+00
17  0.0000E+00
18  0.0000E+00
19  0.0000E+00
20  0.0000E+00
21  6.0909E-04
22  1.1365E-03
23  1.8306E-03
24  2.8411E-03
25  3.6730E-03
26  4.7880E-03
27  6.0113E-03
28  7.3317E-03
29  8.7822E-03
30  1.0237E-02
31  1.1733E-02
32  1.3313E-02
33  1.4969E-02
34  1.6724E-02
35  1.8601E-02
36  2.0583E-02
37  2.2788E-02
38  2.5177E-02
39  2.7779E-02
40  3.0590E-02
41  3.3627E-02
42  3.6857E-02
43  4.0300E-02
44  4.3964E-02
45  4.7866E-02
46  5.2011E-02
47  5.6374E-02
48  6.0959E-02
49  6.5719E-02
50  7.0674E-02
51  7.5867E-02
52  8.1272E-02
53  8.6884E-02
54  9.8181E-02
55  1.0439E-01
56  1.1086E-01
57  1.1760E-01
58  1.2489E-01
59  1.3237E-01
60  1.4009E-01
61  1.4807E-01
62  1.5627E-01
63  1.6470E-01
64  1.7326E-01
65  1.8221E-01
66  1.9128E-01
67  2.0052E-01
68  2.0989E-01
69  2.1949E-01
70  2.2919E-01
71  2.3899E-01
72  2.4882E-01
73  2.5879E-01
74  2.6873E-01
75  2.7890E-01
76  2.8892E-01
77  2.9909E-01
78  3.0928E-01
79  3.1946E-01
80  3.2966E-01
81  3.3992E-01
82  3.5010E-01
83  3.6035E-01
84  3.7044E-01
85  3.8058E-01
86  3.9065E-01
87  4.0065E-01
88  4.1059E-01
89  4.2050E-01
90  4.3040E-01
91  4.4004E-01
92  4.4969E-01
93  4.5919E-01
94  4.6859E-01
95  4.7789E-01
96  4.9030E-01
97  4.9312E-01
98  5.0503E-01
99  5.1378E-01
100  5.2238E-01

